C2 d 3 Pi                                           0  1  0  0  2
         6      0.75       3.5     0.005
 12           1.8332     60031                                     12
         0     911.3   2712.99    4486.8   6232.73   7950.78   9640.95   11303.2
   12937.6   14544.2   16122.8   17673.6   19196.5   20691.5


    1.8332    1.8234    1.8038    1.7842    1.7646     1.745    1.7254    1.7058
    1.6862    1.6666     1.647    1.6274    1.6078    1.5882


C2 a 3 Pi                                           0  1  0  0  2
         6      0.75       3.5     0.005
 12          1.63246   57712.7                                     12
         0   817.757   2435.77   4030.44   5601.77   7149.76   8674.41   10175.7
   11653.7   13108.3   14539.6   15947.6   17332.2   18693.4


   1.63246   1.62416   1.60755   1.59093   1.57432   1.55771    1.5411   1.52449
   1.50788   1.49127   1.47467   1.45806   1.44145   1.42484


