1  CN  B DOUBLET SIGMA UPPER STATE                  0  1  0  0  2
6.46219329     0.750     3.500     0.005
 20           1.9730  57951.28                                     20        
     00.00   1076.90   3200.40   5283.50   7326.20   9328.50  11290.40  13211.90
  15093.00  16933.70  18734.00  20493.90  22213.40  23892.50  25531.20  27129.50
  28687.40  30204.90  31682.00  33118.70  34515.00  35870.90
    
    1.9730    1.9615    1.9385    1.9155    1.8925    1.8695    1.8465    1.8235   
    1.8005    1.7775    1.7545    1.7315    1.7085    1.6855    1.6625    1.6395
    1.6165    1.5935    1.5705    1.5475    1.5245    1.5015

1  CN X DOUBLET SIGMA  GROUND STATE                 0  1  0  0  2
6.46219329     0.750     3.500     0.005
 20           1.8997  63620.62                                     20
      0.00   1031.02   3073.41   5089.54   7079.36   9042.81  10979.85  12890.41
  14774.44  16631.89  18462.71  20266.83  22044.20  23794.77  25518.49  27215.29
  28885.13  30527.95  32143.70  33732.31  35293.75  36827.95

    1.8997    1.8910    1.8736    1.8561    1.8386    1.8210    1.8033    1.7855 
    1.7677    1.7499    1.7319    1.7139    1.6959    1.6778    1.6596    1.6414
    1.6231    1.6047    1.5863    1.5678    1.5492    1.5306



