1  NH A TRIPLET PI UPPER STATE                      0  1  0  0  2
0.94901603     0.750     3.500     0.005
 12          16.6745  29609.42                                     12        
     00.00   1590.95   4624.95   7461.75  10101.35  12543.75  14788.95  16836.95
  18687.75  20341.35  21797.75  23056.95  24118.95  24983.75

    
   16.6745   16.3018   15.5564   14.8110   14.0656   13.3202   12.5748   11.8294   
   11.0840   10.3386    9.5932    8.8478    8.1024    7.3570


1  NH X TRIPLET SIGMA  GROUND STATE                 0  1  0  0  2
0.94901603      0.750   3.500     0.005
 12          16.6993  29609.42                                     12
      0.00   1621.51   4747.01   7715.81  10527.91  13183.31  15682.01  18024.01
  20209.31  22237.91  24109.81  25825.01  27383.51  28785.31


   16.6993   16.3748   15.7258   15.0768   14.4278   13.7788   13.1298   12.4808  
   11.8318   11.1828   10.5338    9.8848    9.2358    8.5868



