1  OH A DOUBLET SIGMA UPPER STATE                   0  1  0  0  2
0.9480871     0.750     3.500     0.005
 12           17.358  35000.00                                     12        
     00.00   1565.99   4554.82   7351.07   9959.53  12392.75  14671.06  16822.54
  18883.03  20896.17  22913.33  24993.67  27204.10  29619.32

    
   17.3580   16.9606   16.1418   15.2910   14.4082   13.4934   12.5466   11.5678   
   10.5570    9.5142    8.4394    7.3326    6.1938    5.0230


1  OH X DOUBLET PI  GROUND STATE                    0  1  0  0  2
0.9480871      0.650   3.500     0.005
 12          18.9108  39162.18                                     12
      0.00   1847.73   5417.37   8821.40  12061.76  15139.53  18054.80  20806.55
  23392.49  25808.94  28050.69  30110.87  31980.82  33649.91


   18.9108   18.5504   17.8387   17.1366   16.4411   15.7493   15.0581   14.3645  
   13.6655   12.9581   12.2394   11.5063   10.7557    9.9849



