1  SiH A DOUBLET DELTA UPPER STATE                  0  1  0  0  2
0.97278226     0.750     3.500     0.005
  7           7.4664  18000.00                                      7        
     00.00    904.66   2565.21   4027.41   5291.26   6356.76   7223.91   7892.71
   8363.16      

    
    7.4664    7.2942    6.9497    6.6052    6.2607    5.9162    5.5717    5.2272   
    4.8827      


1  SiH X DOUBLET PI  GROUND STATE                   0  1  0  0  2
0.97278226     0.750     3.500     0.005
 12           7.4996  25692.97                                     12
      0.00   1012.02   2982.80   4882.56   6711.30   8469.02  10155.72  11771.40
  13316.06  14789.70  16192.32  17523.92  18784.50  19974.06


    7.4996    7.3941    7.1856    6.9805    6.7788    6.5805    6.3856    6.1941 
    6.0060    5.8213    5.6400    5.4621    5.2876    5.1165



