 '0107.000014          '  1       18271
 'NH A-X PGopher'
    3357.55287    0.000   -2.218 .00    3.  0.401E-06 'qR23(0)              0   1.0  e    1  -  0   0.0  e    1 Ram et al. 2010                                         '
    3349.33933    0.000   -2.638 .00    3.  0.401E-06 'rR3(0)               0   1.0  e    2  -  0   0.0  e    1 Ram et al. 2010                                         '
    3047.13610    0.000   -3.934 .00    3.  0.451E-06 'qR23(0)              1   1.0  e    3  -  0   0.0  e    1                                                         '
    3040.61077    0.000   -4.374 .00    3.  0.450E-06 'rR3(0)               1   1.0  e    4  -  0   0.0  e    1                                                         '
    2804.67671    0.000   -5.895 .00    3.  0.511E-06 'qR23(0)              2   1.0  e    5  -  0   0.0  e    1                                                         '
    2799.35712    0.000   -6.358 .00    3.  0.510E-06 'rR3(0)               2   1.0  e    6  -  0   0.0  e    1                                                         '
    3751.17031    0.387   -4.096 .00    3.  0.401E-06 'qR23(0)              0   1.0  e    1  -  1   0.0  e    2                                                         '
    3740.92225    0.387   -4.516 .00    3.  0.401E-06 'rR3(0)               0   1.0  e    2  -  1   0.0  e    2                                                         '
    3367.86399    0.387   -2.277 .00    3.  0.451E-06 'qR23(0)              1   1.0  e    3  -  1   0.0  e    2                                                         '
    3359.89460    0.387   -2.717 .00    3.  0.450E-06 'rR3(0)               1   1.0  e    4  -  1   0.0  e    2                                                         '
    3074.14168    0.387   -3.560 .00    3.  0.511E-06 'qR23(0)              2   1.0  e    5  -  1   0.0  e    2                                                         '
    3067.75206    0.387   -4.023 .00    3.  0.510E-06 'rR3(0)               2   1.0  e    6  -  1   0.0  e    2                                                         '
    4221.29093    0.755   -5.682 .00    3.  0.401E-06 'qR23(0)              0   1.0  e    1  -  2   0.0  e    3                                                         '
    4208.31779    0.755   -6.102 .00    3.  0.401E-06 'rR3(0)               0   1.0  e    2  -  2   0.0  e    3                                                         '
    3742.02884    0.755   -3.868 .00    3.  0.451E-06 'qR23(0)              1   1.0  e    3  -  2   0.0  e    3                                                         '
    3732.19300    0.755   -4.308 .00    3.  0.450E-06 'rR3(0)               1   1.0  e    4  -  2   0.0  e    3                                                         '
    3382.90052    0.755   -2.345 .00    3.  0.511E-06 'qR23(0)              2   1.0  e    5  -  2   0.0  e    3 Ram et al. 2010                                         '
    3375.16437    0.755   -2.808 .00    3.  0.510E-06 'rR3(0)               2   1.0  e    6  -  2   0.0  e    3 Ram et al. 2010                                         '
    4789.91919    1.104   -6.911 .00    3.  0.401E-06 'qR23(0)              0   1.0  e    1  -  3   0.0  e    4                                                         '
    4773.22255    1.104   -7.330 .00    3.  0.401E-06 'rR3(0)               0   1.0  e    2  -  3   0.0  e    4                                                         '
    4182.14193    1.104   -5.284 .00    3.  0.451E-06 'qR23(0)              1   1.0  e    3  -  3   0.0  e    4                                                         '
    4169.86027    1.104   -5.724 .00    3.  0.450E-06 'rR3(0)               1   1.0  e    4  -  3   0.0  e    4                                                         '
    3738.57888    1.104   -3.758 .00    3.  0.511E-06 'qR23(0)              2   1.0  e    5  -  3   0.0  e    4                                                         '
    3729.13313    1.104   -4.221 .00    3.  0.510E-06 'rR3(0)               2   1.0  e    6  -  3   0.0  e    4                                                         '
    5487.57099    1.433   -7.843 .00    3.  0.401E-06 'qR23(0)              0   1.0  e    1  -  4   0.0  e    5                                                         '
    5465.66769    1.433   -8.262 .00    3.  0.401E-06 'rR3(0)               0   1.0  e    2  -  4   0.0  e    5                                                         '
    4704.33394    1.433   -6.094 .00    3.  0.451E-06 'qR23(0)              1   1.0  e    3  -  4   0.0  e    5                                                         '
    4688.79959    1.433   -6.533 .00    3.  0.450E-06 'rR3(0)               1   1.0  e    4  -  4   0.0  e    5                                                         '
    4150.42574    1.433   -5.157 .00    3.  0.511E-06 'qR23(0)              2   1.0  e    5  -  4   0.0  e    5                                                         '
    4138.78760    1.433   -5.620 .00    3.  0.510E-06 'rR3(0)               2   1.0  e    6  -  4   0.0  e    5                                                         '
    6357.36639    1.742   -8.881 .00    3.  0.401E-06 'qR23(0)              0   1.0  e    1  -  5   0.0  e    6                                                         '
    6327.98804    1.742   -9.300 .00    3.  0.401E-06 'rR3(0)               0   1.0  e    2  -  5   0.0  e    6                                                         '
    5329.42080    1.742   -7.759 .00    3.  0.451E-06 'qR23(0)              1   1.0  e    3  -  5   0.0  e    6                                                         '
    5309.49275    1.742   -8.199 .00    3.  0.450E-06 'rR3(0)               1   1.0  e    4  -  5   0.0  e    6                                                         '
    4629.48634    1.742   -5.720 .00    3.  0.511E-06 'qR23(0)              2   1.0  e    5  -  5   0.0  e    6                                                         '
    4615.01126    1.742   -6.183 .00    3.  0.510E-06 'rR3(0)               2   1.0  e    6  -  5   0.0  e    6                                                         '
    7461.39322    2.030   -9.114 .00    3.  0.401E-06 'qR23(0)              0   1.0  e    1  -  6   0.0  e    7                                                         '
    7420.95766    2.030   -9.533 .00    3.  0.401E-06 'rR3(0)               0   1.0  e    2  -  6   0.0  e    7                                                         '
    6084.09707    2.030   -8.126 .00    3.  0.451E-06 'qR23(0)              1   1.0  e    3  -  6   0.0  e    7                                                         '
    6058.13942    2.030   -8.565 .00    3.  0.450E-06 'rR3(0)               1   1.0  e    4  -  6   0.0  e    7                                                         '
    5188.55652    2.030   -6.977 .00    3.  0.511E-06 'qR23(0)              2   1.0  e    5  -  6   0.0  e    7                                                         '
    5170.38116    2.030   -7.440 .00    3.  0.510E-06 'rR3(0)               2   1.0  e    6  -  6   0.0  e    7                                                         '
    3355.16842    0.000   -2.379 .00    1.  0.400E-06 'qP32(1)              0   0.0  f    1  -  0   1.0  f    1 Ram et al. 2010                                         '
    3045.16123    0.000   -4.100 .00    1.  0.450E-06 'qP32(1)              1   0.0  f    2  -  0   1.0  f    1                                                         '
    2802.99388    0.000   -6.068 .00    1.  0.509E-06 'qP32(1)              2   0.0  f    3  -  0   1.0  f    1                                                         '
    3748.19473    0.388   -4.257 .00    1.  0.400E-06 'qP32(1)              0   0.0  f    1  -  1   1.0  f    2                                                         '
    3365.45192    0.388   -2.443 .00    1.  0.450E-06 'qP32(1)              1   0.0  f    2  -  1   1.0  f    2                                                         '
    3072.12029    0.388   -3.732 .00    1.  0.509E-06 'qP32(1)              2   0.0  f    3  -  1   1.0  f    2                                                         '
    4217.52317    0.756   -5.843 .00    1.  0.400E-06 'qP32(1)              0   0.0  f    1  -  2   1.0  f    3                                                         '
    3739.05127    0.756   -4.035 .00    1.  0.450E-06 'qP32(1)              1   0.0  f    2  -  2   1.0  f    3                                                         '
    3380.45246    0.756   -2.517 .00    1.  0.509E-06 'qP32(1)              2   0.0  f    3  -  2   1.0  f    3                                                         '
    4785.06812    1.104   -7.072 .00    1.  0.400E-06 'qP32(1)              0   0.0  f    1  -  3   1.0  f    4                                                         '
    4178.42281    1.104   -5.450 .00    1.  0.450E-06 'qP32(1)              1   0.0  f    2  -  3   1.0  f    4                                                         '
    3735.58945    1.104   -3.930 .00    1.  0.509E-06 'qP32(1)              2   0.0  f    3  -  3   1.0  f    4                                                         '
    5481.20319    1.433   -8.004 .00    1.  0.400E-06 'qP32(1)              0   0.0  f    1  -  4   1.0  f    5                                                         '
    4699.62738    1.433   -6.260 .00    1.  0.450E-06 'qP32(1)              1   0.0  f    2  -  4   1.0  f    5                                                         '
    4146.74078    1.433   -5.329 .00    1.  0.509E-06 'qP32(1)              2   0.0  f    3  -  4   1.0  f    5                                                         '
    6348.81760    1.742   -9.042 .00    1.  0.400E-06 'qP32(1)              0   0.0  f    1  -  5   1.0  f    6                                                         '
    5323.37837    1.742   -7.926 .00    1.  0.450E-06 'qP32(1)              1   0.0  f    2  -  5   1.0  f    6                                                         '
    4624.89998    1.742   -5.893 .00    1.  0.509E-06 'qP32(1)              2   0.0  f    3  -  5   1.0  f    6                                                         '
    7449.62100    2.031   -9.275 .00    1.  0.400E-06 'qP32(1)              0   0.0  f    1  -  6   1.0  f    7                                                         '
    6076.22408    2.031   -8.292 .00    1.  0.450E-06 'qP32(1)              1   0.0  f    2  -  6   1.0  f    7                                                         '
    5182.79665    2.031   -7.149 .00    1.  0.509E-06 'qP32(1)              2   0.0  f    3  -  6   1.0  f    7                                                         '
    3357.75327    0.000   -2.765 .00    3.  0.401E-06 'qQ2(1)               0   1.0  e    1  -  0   1.0  f    1 Ram et al. 2010                                         '
    3349.53949    0.000   -2.342 .00    3.  0.401E-06 'rQ32(1)              0   1.0  e    2  -  0   1.0  f    1 Ram et al. 2010                                         '
    3047.30191    0.000   -4.499 .00    3.  0.451E-06 'qQ2(1)               1   1.0  e    3  -  0   1.0  f    1                                                         '
    3040.77586    0.000   -4.057 .00    3.  0.450E-06 'rQ32(1)              1   1.0  e    4  -  0   1.0  f    1                                                         '
    2804.81718    0.000   -6.486 .00    3.  0.511E-06 'qQ2(1)               2   1.0  e    5  -  0   1.0  f    1                                                         '
    2799.49705    0.000   -6.021 .00    3.  0.510E-06 'rQ32(1)              2   1.0  e    6  -  0   1.0  f    1                                                         '
    3751.42185    0.388   -4.642 .00    3.  0.401E-06 'qQ2(1)               0   1.0  e    1  -  1   1.0  f    2                                                         '
    3741.17243    0.388   -4.219 .00    3.  0.401E-06 'rQ32(1)              0   1.0  e    2  -  1   1.0  f    2                                                         '
    3368.06731    0.388   -2.843 .00    3.  0.451E-06 'qQ2(1)               1   1.0  e    3  -  1   1.0  f    2 Ram et al. 2010                                         '
    3360.09641    0.388   -2.401 .00    3.  0.450E-06 'rQ32(1)              1   1.0  e    4  -  1   1.0  f    2                                                         '
    3074.31062    0.388   -4.148 .00    3.  0.511E-06 'qQ2(1)               2   1.0  e    5  -  1   1.0  f    2                                                         '
    3067.92030    0.388   -3.683 .00    3.  0.510E-06 'rQ32(1)              2   1.0  e    6  -  1   1.0  f    2                                                         '
    4221.60945    0.756   -6.228 .00    3.  0.401E-06 'qQ2(1)               0   1.0  e    1  -  2   1.0  f    3                                                         '
    4208.63433    0.756   -5.806 .00    3.  0.401E-06 'rQ32(1)              0   1.0  e    2  -  2   1.0  f    3                                                         '
    3742.27912    0.756   -4.435 .00    3.  0.451E-06 'qQ2(1)               1   1.0  e    3  -  2   1.0  f    3                                                         '
    3732.44197    0.756   -3.992 .00    3.  0.450E-06 'rQ32(1)              1   1.0  e    4  -  2   1.0  f    3                                                         '
    3383.10468    0.756   -2.934 .00    3.  0.511E-06 'qQ2(1)               2   1.0  e    5  -  2   1.0  f    3 Ram et al. 2010                                         '
    3375.36686    0.756   -2.469 .00    3.  0.510E-06 'rQ32(1)              2   1.0  e    6  -  2   1.0  f    3 Ram et al. 2010                                         '
    4790.32883    1.104   -7.457 .00    3.  0.401E-06 'qQ2(1)               0   1.0  e    1  -  3   1.0  f    4                                                         '
    4773.62934    1.104   -7.035 .00    3.  0.401E-06 'rQ32(1)              0   1.0  e    2  -  3   1.0  f    4                                                         '
    4182.45422    1.104   -5.851 .00    3.  0.451E-06 'qQ2(1)               1   1.0  e    3  -  3   1.0  f    4                                                         '
    4170.17073    1.104   -5.408 .00    3.  0.450E-06 'rQ32(1)              1   1.0  e    4  -  3   1.0  f    4                                                         '
    3738.82843    1.104   -4.347 .00    3.  0.511E-06 'qQ2(1)               2   1.0  e    5  -  3   1.0  f    4                                                         '
    3729.38143    1.104   -3.882 .00    3.  0.510E-06 'rQ32(1)              2   1.0  e    6  -  3   1.0  f    4                                                         '
    5488.10695    1.433   -8.397 .00    3.  0.401E-06 'qQ2(1)               0   1.0  e    1  -  4   1.0  f    5                                                         '
    5466.19934    1.433   -7.973 .00    3.  0.401E-06 'rQ32(1)              0   1.0  e    2  -  4   1.0  f    5                                                         '
    4704.72782    1.433   -6.661 .00    3.  0.451E-06 'qQ2(1)               1   1.0  e    3  -  4   1.0  f    5                                                         '
    4689.19085    1.433   -6.219 .00    3.  0.450E-06 'rQ32(1)              1   1.0  e    4  -  4   1.0  f    5                                                         '
    4150.73233    1.433   -5.746 .00    3.  0.511E-06 'qQ2(1)               2   1.0  e    5  -  4   1.0  f    5                                                         '
    4139.09245    1.433   -5.281 .00    3.  0.510E-06 'rQ32(1)              2   1.0  e    6  -  4   1.0  f    5                                                         '
    6358.08171    1.742   -9.430 .00    3.  0.401E-06 'qQ2(1)               0   1.0  e    1  -  5   1.0  f    6                                                         '
    6328.69673    1.742   -9.007 .00    3.  0.401E-06 'rQ32(1)              0   1.0  e    2  -  5   1.0  f    6                                                         '
    5329.92347    1.742   -8.323 .00    3.  0.451E-06 'qQ2(1)               1   1.0  e    3  -  5   1.0  f    6                                                         '
    5309.99167    1.742   -7.881 .00    3.  0.450E-06 'rQ32(1)              1   1.0  e    4  -  5   1.0  f    6                                                         '
    4629.86566    1.742   -6.311 .00    3.  0.511E-06 'qQ2(1)               2   1.0  e    5  -  5   1.0  f    6                                                         '
    4615.38819    1.742   -5.846 .00    3.  0.510E-06 'rQ32(1)              2   1.0  e    6  -  5   1.0  f    6                                                         '
    7462.37937    2.031   -9.661 .00    3.  0.401E-06 'qQ2(1)               0   1.0  e    1  -  6   1.0  f    7                                                         '
    7421.93320    2.031   -9.237 .00    3.  0.401E-06 'rQ32(1)              0   1.0  e    2  -  6   1.0  f    7                                                         '
    6084.75278    2.031   -8.696 .00    3.  0.451E-06 'qQ2(1)               1   1.0  e    3  -  6   1.0  f    7                                                         '
    6058.78954    2.031   -8.253 .00    3.  0.450E-06 'rQ32(1)              1   1.0  e    4  -  6   1.0  f    7                                                         '
    5189.03336    2.031   -7.566 .00    3.  0.511E-06 'qQ2(1)               2   1.0  e    5  -  6   1.0  f    7                                                         '
    5170.85470    2.031   -7.100 .00    3.  0.510E-06 'rQ32(1)              2   1.0  e    6  -  6   1.0  f    7                                                         '
    3361.81941    0.000   -2.056 .00    5.  0.403E-06 'qR12(1)              0   2.0  f    1  -  0   1.0  f    1 Ram et al. 2010                                         '
    3350.93950    0.000   -2.260 .00    5.  0.402E-06 'rR2(1)               0   2.0  f    2  -  0   1.0  f    1 Ram et al. 2010                                         '
    3339.09202    0.000   -3.515 .00    5.  0.402E-06 'sR32(1)              0   2.0  f    3  -  0   1.0  f    1 Ram et al. 2010                                         '
    3050.65703    0.000   -3.770 .00    5.  0.453E-06 'qR12(1)              1   2.0  f    4  -  0   1.0  f    1                                                         '
    3041.95265    0.000   -3.990 .00    5.  0.452E-06 'rR2(1)               1   2.0  f    5  -  0   1.0  f    1 Ram et al. 2010                                         '
    3032.58033    0.000   -5.203 .00    5.  0.451E-06 'sR32(1)              1   2.0  f    6  -  0   1.0  f    1                                                         '
    2807.66535    0.000   -5.737 .00    5.  0.513E-06 'qR12(1)              2   2.0  f    7  -  0   1.0  f    1                                                         '
    2800.51733    0.000   -5.975 .00    5.  0.512E-06 'rR2(1)               2   2.0  f    8  -  0   1.0  f    1                                                         '
    2792.91936    0.000   -7.142 .00    5.  0.511E-06 'sR32(1)              2   2.0  f    9  -  0   1.0  f    1                                                         '
    3756.49763    0.388   -3.934 .00    5.  0.403E-06 'qR12(1)              0   2.0  f    1  -  1   1.0  f    2                                                         '
    3742.91870    0.388   -4.137 .00    5.  0.402E-06 'rR2(1)               0   2.0  f    2  -  1   1.0  f    2                                                         '
    3728.14412    0.388   -5.392 .00    5.  0.402E-06 'sR32(1)              0   2.0  f    3  -  1   1.0  f    2                                                         '
    3372.16594    0.388   -2.115 .00    5.  0.453E-06 'qR12(1)              1   2.0  f    4  -  1   1.0  f    2 Ram et al. 2010                                         '
    3361.53357    0.388   -2.334 .00    5.  0.452E-06 'rR2(1)               1   2.0  f    5  -  1   1.0  f    2 Ram et al. 2010                                         '
    3350.09218    0.388   -3.548 .00    5.  0.451E-06 'sR32(1)              1   2.0  f    6  -  1   1.0  f    2                                                         '
    3077.73269    0.388   -3.396 .00    5.  0.513E-06 'qR12(1)              2   2.0  f    7  -  1   1.0  f    2                                                         '
    3069.14564    0.388   -3.633 .00    5.  0.512E-06 'rR2(1)               2   2.0  f    8  -  1   1.0  f    2                                                         '
    3060.02266    0.388   -4.800 .00    5.  0.511E-06 'sR32(1)              2   2.0  f    9  -  1   1.0  f    2                                                         '
    4228.03837    0.756   -5.520 .00    5.  0.403E-06 'qR12(1)              0   2.0  f    1  -  2   1.0  f    3                                                         '
    4210.84436    0.756   -5.723 .00    5.  0.402E-06 'rR2(1)               0   2.0  f    2  -  2   1.0  f    3                                                         '
    4192.15412    0.756   -6.978 .00    5.  0.402E-06 'sR32(1)              0   2.0  f    3  -  2   1.0  f    3                                                         '
    3747.34027    0.756   -3.706 .00    5.  0.453E-06 'qR12(1)              1   2.0  f    4  -  2   1.0  f    3                                                         '
    3734.21474    0.756   -3.926 .00    5.  0.452E-06 'rR2(1)               1   2.0  f    5  -  2   1.0  f    3                                                         '
    3720.10188    0.756   -5.139 .00    5.  0.451E-06 'sR32(1)              1   2.0  f    6  -  2   1.0  f    3                                                         '
    3387.24860    0.756   -2.183 .00    5.  0.513E-06 'qR12(1)              2   2.0  f    7  -  2   1.0  f    3 Ram et al. 2010                                         '
    3376.85163    0.756   -2.421 .00    5.  0.512E-06 'rR2(1)               2   2.0  f    8  -  2   1.0  f    3 Ram et al. 2010                                         '
    3365.81058    0.756   -3.587 .00    5.  0.511E-06 'sR32(1)              2   2.0  f    9  -  2   1.0  f    3                                                         '
